              precision    recall  f1-score   support

           0     1.0000    0.9643    0.9818        28
           1     0.9940    0.9960    0.9950       495
           2     0.9956    0.9956    0.9956       452
           3     0.9964    0.9927    0.9945       275
           4     1.0000    1.0000    1.0000       421
           5     0.9974    0.9896    0.9934       383
           6     1.0000    1.0000    1.0000        81
           7     0.9841    1.0000    0.9920       247
           8     1.0000    0.9968    0.9984       309
           9     1.0000    0.9967    0.9983       301
          10     0.9921    1.0000    0.9960       376
          11     0.9830    1.0000    0.9914       231
          12     0.9976    0.9953    0.9964       423
          13     0.9932    1.0000    0.9966       436
          14     1.0000    0.9932    0.9966       147
          15     1.0000    1.0000    1.0000       118
          16     1.0000    1.0000    1.0000        84
          17     1.0000    0.9912    0.9956       228
          18     0.9915    1.0000    0.9957       234
          19     1.0000    0.9762    0.9880        42
          20     0.9756    0.9756    0.9756        82
          21     0.9853    0.9571    0.9710        70
          22     1.0000    1.0000    1.0000        68
          23     0.9894    0.9894    0.9894        94
          24     1.0000    1.0000    1.0000        50
          25     0.9966    1.0000    0.9983       297
          26     0.9771    0.9922    0.9846       129
          27     1.0000    0.9388    0.9684        49
          28     1.0000    0.9810    0.9904       105
          29     0.9818    0.9818    0.9818        55
          30     1.0000    1.0000    1.0000        96
          31     0.9876    1.0000    0.9938       159
          32     0.9200    1.0000    0.9583        46
          33     1.0000    1.0000    1.0000       151
          34     1.0000    0.9762    0.9880        84
          35     0.9960    1.0000    0.9980       248
          36     1.0000    1.0000    1.0000        69
          37     1.0000    0.9778    0.9888        45
          38     1.0000    0.9976    0.9988       416
          39     0.9655    1.0000    0.9825        56
          40     0.9863    0.9730    0.9796        74
          41     1.0000    0.8837    0.9383        43
          42     1.0000    1.0000    1.0000        45

    accuracy                         0.9945      7842
   macro avg     0.9927    0.9886    0.9905      7842
weighted avg     0.9946    0.9945    0.9945      7842
